Record Nn' Vn' Fn' On'  Nv   Vv  Fv' Ov' No' Vo' Fo'  Q Se   Q +P   V Se   V +P  V FPR
s20011 95826   1   0 7828   0    0   0   0 3846   1   0  96.14  92.45   0.00      -  0.000
s20021 87665  91   1 6783   0    0   0   0 795  46   0  99.05  92.83   0.00      -  0.000
s20031 102508   0   0 6469   0    0   0   0 6599   1   1  93.95  94.06   0.00      -  0.000
s20041 99173 4434   3 6671   0    0   0   0 3405 1974   4  95.06  93.95   0.00      -  0.000
s20051 98262   1   2 5179   0    0   0   0 13957   1   0  87.56  94.99   0.00      -  0.000
s20061 105816 537   0 3762   0    0   0   0 10866 235   0  90.55  96.58   0.00      -  0.000
s20071 84334   1   0 6714   0    0   0   0 987   4   0  98.84  92.63   0.00      -  0.000
s20081 100923 927  12 4657   0    0   0   0 10318 363  10  90.50  95.63   0.00      -  0.000
s20091 101861   0   0 5088   0    0   0   0 9182   0   0  91.73  95.24      -      -  0.000
s20101 70057 6616 358 7836   0    0   0   0 128 464  26  99.20  90.77   0.00      -  0.000
s20111 84458   2   0 7066   0    0   0   0 420   1   0  99.50  92.28   0.00      -  0.000
s20121 84599 323   0 8534   0    0   0   0  43 255   0  99.65  90.87   0.00      -  0.000
s20131 99253 356   5 3350   0    0   0   0 6137 138   1  94.07  96.75   0.00      -  0.000
s20141 105422   0   0 2244   0    0   0   0 10784   0   0  90.72  97.92      -      -  0.000
s20151 79179  97  10 8320   0    0   0   0   3  69   1  99.91  90.50   0.00      -  0.000
s20161 83240   4   1 9854   0    0   0   0 106   4   0  99.87  89.42   0.00      -  0.000
s20171 119651   2   0 5418   0    0   0   0 6407   7   0  94.91  95.67   0.00      -  0.000
s20181 102460 100   1 7015   0    0   0   0 3971  23   0  96.25  93.60   0.00      -  0.000
s20191 51460   5   0 11532   0    0   0   0 45815   2   0  52.90  81.69   0.00      -  0.000
s20201 89423   7   0 6718   0    0   0   0 1624   4   0  98.21  93.01   0.00      -  0.000
s20211 95115   8   1 6263   0    0   0   0 4211   9   0  95.75  93.82   0.00      -  0.000
s20221 107082  19   0 635   0    0   0   0 11606   8   0  90.22  99.41   0.00      -  0.000
s20231  3801   0   0 789   0    0   0   0 98873   2   1   3.70  82.81   0.00      -  0.000
s20241 88597   3   0 6226   0    0   0   0 3394   3   0  96.31  93.43   0.00      -  0.000
s20251 104451   5   0 6208   0    0   0   0 3512   2   0  96.75  94.39   0.00      -  0.000
s20261 99181 550   0 6050   0    0   0   0 2027 196   1  97.82  94.28   0.00      -  0.000
s20271 100134 5514   0 5100   0    0   0   0 5816 2379   0  92.80  95.39   0.00      -  0.000
s20272 107827 317   0 4594   0    0   0   0 9421  44   0  91.95  95.93   0.00      -  0.000
s20273 100569 428   0 7430   0    0   0   0 2528 178   0  97.39  93.15   0.00      -  0.000
s20274 106948 459   2 4220   0    0   0   0 13078 239   0  88.97  96.22   0.00      -  0.000
s20281 72801   0   0 7682   0    0   0   0   7   0   0  99.99  90.46      -      -  0.000
s20291 75717 376   0 9858   0    0   0   0 160  34   0  99.75  88.53   0.00      -  0.000
s20301 105628  21   0 12535   0    0   0   0 727   3   0  99.31  89.39   0.00      -  0.000
s20311 84487   3   0 14251   0    0   0   0 1381   0   0  98.39  85.57   0.00      -  0.000
s20321 91315  84   0 8894   0    0   0   0  71 116   0  99.80  91.13   0.00      -  0.000
s20331 83369   4   2 7287   0    0   0   0 344   2   1  99.59  91.96   0.00      -  0.000
s20341 97284  68   0 6237   0    0   0   0 2444  19   1  97.53  93.98   0.00      -  0.000
s20351 110491 504   0 2326   0    0   0   0 7972 292   0  93.07  97.95   0.00      -  0.000
s20361 101792   4   1 6843   0    0   0   0 3576   7   0  96.60  93.70   0.00      -  0.000
s20371 94243   4   0 7332   0    0   0   0 1162   1   0  98.78  92.78   0.00      -  0.000
s20381 100234  40   0 7800   0    0   0   0 2597  13   0  97.46  92.78   0.00      -  0.000
s20391 92286  39   1 4966   0    0   0   0 9831 162   5  90.23  94.90   0.00      -  0.000
s20401 73953  47   0 8457   0    0   0   0 3034  14   0  96.04  89.74   0.00      -  0.000
s20411 83792  23   0 9012   0    0   0   0 613   0   0  99.27  90.29   0.00      -  0.000
s20421 89871  70   5 8978   0    0   0   0 2614  22   0  97.15  90.92   0.00      -  0.000
s20431 97036  20   0 6940   0    0   0   0 5017  13   0  95.07  93.33   0.00      -  0.000
s20441 88248 3414   0 10261   0    0   0   0 1073   2   0  98.84  89.93   0.00      -  0.000
s20451 86749   2   0 8233   0    0   0   0 1039   1   0  98.82  91.33   0.00      -  0.000
s20461 96979   2   0 6229   0    0   0   0 1508   0   0  98.47  93.96   0.00      -  0.000
s20471 112920  37   0 6676   0    0   0   0 1969  24   1  98.27  94.42   0.00      -  0.000
s20481 90926   0   0 10184   0    0   0   0 191   0   0  99.79  89.93      -      -  0.000
s20491 94329 523   0 7720   0    0   0   0 1500 222   0  98.22  92.47   0.00      -  0.000
s20501 117033 490   1 1588   0    0   0   0 24671  12   0  82.64  98.67   0.00      -  0.000
s20511 81617   6   2 7431   0    0   0   0 771   2   0  99.06  91.66   0.00      -  0.000
s20521 73988   9   0 6590   0    0   0   0 956   4   0  98.72  91.82   0.00      -  0.000
s20531 85084  60   1 9733   0    0   0   0 1027   1   0  98.81  89.74   0.00      -  0.000
s20541 99700 346   5 4137   0    0   0   0 14108 215   1  87.48  96.03   0.00      -  0.000
s20551 98769  29   2 6595   0    0   0   0 1334  82   0  98.59  93.74   0.00      -  0.000
s20561 96794  70   1 5273   0    0   0   0 3525   1   0  96.49  94.84   0.00      -  0.000
s20571 84963 1750   4 6823   0    0   0   0 1319 502   1  97.94  92.71   0.00      -  0.000
s20581 84181  14   0 16480   0    0   0   0 402   4   0  99.52  83.63   0.00      -  0.000
s20591 83763   3   0 11478   0    0   0   0  77   0   0  99.91  87.95   0.00      -  0.000
s20601 109708   2   0 6206   0    0   0   0 6778   0   0  94.18  94.65   0.00      -  0.000
s20611 218894   0   0 13694   0    0   0   0 16550   0   0  92.97  94.11      -      -  0.000
s20621 101833 922   0 6395   0    0   0   0 8724 453   1  91.80  94.14   0.00      -  0.000
s20631 97013   0   0 5897   0    0   0   0 2628   0   0  97.36  94.27      -      -  0.000
s20641 83175 668   0 9254   0    0   0   0 475 108   0  99.31  90.06   0.00      -  0.000
s20651 101869 256   0 10851   0    0   0   0 1370  75   0  98.60  90.40   0.00      -  0.000
s30661 113765  37   1 3752   0    0   0   0 30104  23   2  79.07  96.81   0.00      -  0.000
s30671 97724  79   1 9688   0    0   0   0 655 268   1  99.06  90.99   0.00      -  0.000
s30681 109938   6   0 4273   0    0   0   0 16148   9   0  87.19  96.26   0.00      -  0.000
s30691 94445   1   0 12681   0    0   0   0 6909   0   0  93.18  88.16   0.00      -  0.000
s30701 101259   0   0 6673   0    0   0   0 5460   0   0  94.88  93.82      -      -  0.000
s30711 95296 18237   6 3379   0    0   0   0 38494 707   1  74.33  97.11   0.00      -  0.000
s30721 83495 274   0 8502   0    0   0   0 22405  60   0  78.85  90.79   0.00      -  0.000
s30731 103302  35  11 8841   0    0   0   0 2291   1   0  97.83  92.12   0.00      -  0.000
s30732 94799  24   2 7826   0    0   0   0 1417   1   0  98.53  92.38   0.00      -  0.000
s30741 113124   0   0 4120   0    0   0   0 9940   0   0  91.92  96.49      -      -  0.000
s30742 103422   0   0 3277   0    0   0   0 9895   0   0  91.27  96.93      -      -  0.000
s30751 99674 2626   7 7430   0    0   0   0 2513 829   1  96.84  93.23   0.00      -  0.000
s30752 106807 4933  16 6595   0    0   0   0 7297 1039   6  93.05  94.43   0.00      -  0.000
s30761 102784 3082  49 5745   0    0   0   0 10631 122   9  90.78  94.85   0.00      -  0.000
s30771 71725   6   0 8218   0    0   0   0 5876   0   0  92.43  89.72   0.00      -  0.000
s30781 84662 369   6 5547   0    0   0   0 24558  39   1  77.56  93.88   0.00      -  0.000
s30791 97595  44   1 7756   0    0   0   0 2433  13   0  97.56  92.64   0.00      -  0.000
s30801 68323   0   0 18398   0    0   0   0 25732   0   0  72.64  78.78      -      -  0.000
______________________________________________________________________________________
Sum  8144248 60470 521 618380   0    0   0   0 646162 12169  77
Gross                                                   92.57  92.99   0.00      -  0.000
Average                                                 93.15  92.64   0.00      -  0.000
Total QRS complexes: 8863647  Total VEBs: 72639

Summary of results from 86 records
